0,511
15,25
15,24
15,23
16,14
15,22
15,21
15,20
15,19
0,510
16,13
15,18
15,17
15,16
15,15
16,12
16,11
0,509
15,14
15,13
0,508
0,507
0,506
0,505
15,12
0,504
0,503
14,201
0,502
0,501
0,500
0,499
0,498
0,497
0,496
0,495
0,494
15,11
0,493
0,492
0,491
0,490
0,489
15,10
0,488
0,487
0,486
0,485
0,484
0,483
0,482
0,481
0,480
0,479
0,478
0,477
0,476
0,475
15,9
0,474
0,473
0,472
15,8
15,7
0,471
0,470
0,469
0,468
0,467
16,9
16,8
15,6
14,200
14,199
14,198
14,197
14,196
14,195
14,194
14,193
14,192
14,191
14,190
14,189
14,188
14,187
14,186
14,185
0,466
14,184
14,183
14,182
0,465
14,181
14,180
14,179
14,178
14,177
14,176
14,175
14,174
14,173
14,172
14,171
14,170
14,169
14,168
14,167
14,166
14,165
14,164
14,163
14,162
14,161
14,160
14,159
14,158
14,157
14,156
14,155
14,154
14,153
14,152
14,151
14,150
14,149
14,148
0,464
0,463
51,4
0,462
14,38
2,17
51,3
51,2
51,1
51,0
14,4
0,461
0,460
0,459
0,458
0,457
0,456
0,455
0,454
0,453
0,452
47,5
47,4
0,451
0,450
0,449
0,448
0,447
0,446
14,147
14,146
14,145
14,144
14,143
14,142
14,141
14,140
14,139
14,138
14,137
14,136
14,134
14,133
14,132
14,131
0,445
14,130
14,129
0,444
0,443
0,442
0,441
14,128
12,9
50,3
50,2
50,1
50,0
2,16
49,5
49,4
49,3
49,2
49,1
49,0
0,439
48,4
48,3
48,2
48,1
48,0
0,438
47,3
47,2
47,1
47,0
46,5
46,4
46,3
46,2
46,1
46,0
45,5
45,4
45,3
45,2
45,1
45,0
2,15
44,7
44,6
44,5
44,4
44,3
44,2
44,1
44,0
43,6
43,5
43,4
43,3
43,2
43,1
43,0
42,4
42,3
42,2
42,1
42,0
14,124
2,14
41,4
41,3
41,2
41,1
41,0
14,123
14,122
14,121
14,120
14,119
14,118
14,117
14,116
14,115
14,114
14,113
14,112
14,111
14,110
2,13
40,4
40,3
40,2
40,1
40,0
39,3
39,2
39,1
39,0
38,4
38,3
38,2
38,1
38,0
37,9
37,8
37,7
37,6
37,5
37,4
37,3
37,2
37,1
37,0
36,5
36,4
36,3
36,2
36,1
36,0
2,12
35,4
35,3
35,2
35,1
35,0
2,11
2,10
34,4
34,3
34,2
34,1
34,0
0,437
0,436
33,5
33,4
33,3
33,2
33,1
33,0
32,4
32,3
32,2
32,1
32,0
31,3
31,2
31,1
31,0
30,5
30,4
30,3
30,2
30,1
30,0
29,3
29,2
29,1
29,0
28,5
28,4
28,3
28,2
28,1
28,0
27,7
27,6
27,5
27,4
27,3
27,2
27,1
27,0
2,9
2,8
26,5
26,4
26,3
26,2
26,1
26,0
2,7
25,4
25,3
25,2
25,1
25,0
2,6
24,7
24,6
24,5
24,4
24,3
24,2
24,1
24,0
23,4
23,3
23,2
23,1
23,0
22,5
22,4
22,3
22,2
22,1
22,0
21,4
21,3
21,2
21,1
21,0
20,5
20,4
20,3
20,2
20,1
20,0
19,4
19,3
19,2
19,1
19,0
18,4
18,3
18,2
18,1
18,0
17,10
17,9
17,8
17,7
17,6
17,5
17,4
17,3
17,2
17,1
17,0
14,109
14,108
14,107
14,106
14,105
14,104
14,103
14,102
14,101
14,100
14,99
14,98
14,97
14,96
14,95
14,94
14,93
14,92
14,91
14,90
14,89
14,88
14,87
14,86
14,85
14,84
14,83
14,82
14,81
14,80
14,79
14,78
14,77
14,76
14,75
14,74
14,73
14,72
14,71
14,70
14,69
14,68
14,67
14,66
14,65
14,64
14,37
14,36
14,35
14,34
14,33
14,32
14,31
14,30
14,29
14,28
14,27
14,26
14,25
14,24
14,23
14,22
14,21
14,20
14,19
14,18
14,17
14,16
14,15
14,14
14,13
14,12
14,11
14,10
14,9
14,8
14,7
14,6
0,425
0,424
0,423
0,410
0,389
0,387
0,386
0,385
0,384
0,383
0,382
0,381
0,380
0,379
0,378
0,377
0,374
0,373
0,372
0,370
0,369
0,368
0,366
0,364
0,337
0,336
0,335
0,334
0,333
2,5
2,1
2,4
2,2
2,0
0,332
16,7
16,6
16,5
16,4
16,3
16,2
16,1
16,0
0,331
0,330
15,5
15,4
15,3
15,2
15,1
15,0
0,329
0,328
14,5
14,3
14,2
14,1
14,0
0,327
0,326
13,4
13,3
13,2
13,1
13,0
0,325
0,324
0,323
12,8
12,7
12,6
12,5
12,4
12,3
12,2
12,1
12,0
0,322
0,321
11,5
11,4
11,3
11,2
11,1
11,0
0,320
0,319
10,4
10,3
10,2
10,1
10,0
0,318
0,317
9,5
9,4
9,3
9,2
9,1
9,0
0,316
0,315
8,5
8,4
8,3
8,2
8,1
8,0
0,314
0,313
7,5
7,4
7,3
7,2
7,1
7,0
0,312
0,243
0,0
6,5
6,4
6,3
6,2
6,1
6,0
5,6
5,5
5,4
5,3
5,2
5,1
5,0
4,3
2,3
1,3
0,9
0,1
0,300
0,299
0,298
0,297
0,296
0,295
0,294
0,293
0,292
0,291
0,290
0,289
0,288
0,287
0,286
0,285
0,284
0,283
0,282
0,281
0,280
0,279
0,278
0,277
0,276
0,275
0,274
0,273
0,272
0,271
0,270
0,269
0,268
0,267
0,266
0,265
0,264
0,263
0,262
0,261
0,260
0,259
0,258
0,257
0,256
0,255
0,254
0,253
0,252
0,251
0,250
0,249
0,248
0,247
0,246
0,245
0,244
0,242
0,241
0,240
0,239
0,238
0,237
0,236
0,235
0,234
0,233
0,232
0,231
0,230
0,229
0,228
0,227
0,226
0,225
0,224
0,223
0,222
0,221
0,220
0,219
0,218
0,217
0,216
0,215
0,214
0,213
0,212
0,211
0,210
0,209
0,208
0,207
0,206
0,205
0,204
0,203
0,202
0,201
0,200
0,199
0,198
0,197
0,196
0,195
0,194
0,193
0,192
0,63
0,62
0,61
0,60
0,59
0,58
0,57
0,56
0,55
0,54
0,53
0,52
0,51
0,50
0,311
0,49
0,310
0,48
0,309
0,47
0,308
0,46
0,45
0,6
0,5
0,304
0,303
0,306
0,305
0,302
0,12
0,10
0,8
0,11
0,4
0,2
0,3
0,7
